Best Model: MultiOutput (orders)
RMSE: 0.4433905389999333
MAE: 0.2939350066689701
